1 36 53 1
1 36 80 1
1 36 29 1
1 36 41 1
1 36 19 1
1 36 11 1
1 36 95 1
1 36 17 1
1 36 108 1
1 36 94 1
1 36 96 1
1 53 97 1
1 55 66 1
1 55 8 1
1 55 32 1
1 55 22 1
1 55 41 1
1 55 108 1
1 55 48 1
1 66 22 1
1 66 95 1
1 43 46 1
1 43 103 1
1 43 69 1
1 43 6 1
1 46 57 1
1 46 47 1
1 46 111 1
1 46 35 1
1 46 81 1
1 46 20 1
1 46 101 1
1 46 85 1
1 46 29 1
1 46 64 1
1 98 101 1
1 98 2 1
1 98 28 1
1 98 52 1
1 98 16 1
1 101 27 1
1 101 42 1
1 101 59 1
1 8 111 1
1 48 100 1
1 48 17 1
1 100 51 1
1 100 52 1
1 5 10 1
1 5 61 1
1 5 56 1
1 29 32 1
1 29 41 1
1 29 20 1
1 29 25 1
1 29 33 1
1 29 99 1
1 29 15 1
1 29 9 1
1 29 24 1
1 29 14 1
1 32 109 1
1 80 94 1
1 27 77 1
1 27 23 1
1 27 76 1
1 27 30 1
1 77 23 1
1 77 21 1
1 41 39 1
1 41 96 1
1 57 73 1
1 20 89 1
1 20 13 1
1 2 11 1
1 11 17 1
1 11 26 1
1 11 83 1
1 11 58 1
1 11 76 1
1 4 94 1
1 4 103 1
1 4 107 1
1 4 38 1
1 4 33 1
1 94 56 1
1 94 7 1
1 94 75 1
1 94 33 1
1 94 70 1
1 94 106 1
1 94 99 1
1 31 56 1
1 31 79 1
1 31 33 1
1 31 12 1
1 56 49 1
1 56 54 1
1 103 116 1
1 18 83 1
1 18 82 1
1 18 79 1
1 83 58 1
1 83 50 1
1 83 93 1
1 23 7 1
1 23 22 1
1 23 86 1
1 23 44 1
1 23 9 1
1 106 107 1
1 106 38 1
1 106 7 1
1 107 38 1
1 51 65 1
1 45 60 1
1 45 42 1
1 45 59 1
1 45 35 1
1 60 3 1
1 1 90 1
1 1 110 1
1 1 78 1
1 1 87 1
1 90 92 1
1 90 30 1
1 90 87 1
1 90 109 1
1 90 28 1
1 92 104 1
1 13 37 1
1 13 82 1
1 37 52 1
1 40 91 1
1 40 97 1
1 40 44 1
1 25 54 1
1 25 26 1
1 63 111 1
1 63 104 1
1 111 104 1
1 111 58 1
1 67 93 1
1 67 87 1
1 3 35 1
1 3 14 1
1 3 9 1
1 42 102 1
1 42 12 1
1 42 26 1
1 22 78 1
1 22 34 1
1 110 61 1
1 110 87 1
1 102 62 1
1 87 68 1
1 97 70 1
1 28 116 1
1 28 95 1
1 65 52 1
1 95 24 1
1 89 68 1
2 36 53 1
2 36 80 1
2 36 41 1
2 36 19 1
2 36 93 1
2 36 95 1
2 36 17 1
2 36 108 1
2 36 94 1
2 36 96 1
2 53 98 1
2 53 102 1
2 64 69 1
2 69 43 1
2 69 3 1
2 69 65 1
2 44 100 1
2 44 40 1
2 100 48 1
2 100 98 1
2 100 52 1
2 100 96 1
2 16 29 1
2 16 37 1
2 29 20 1
2 29 98 1
2 29 6 1
2 29 31 1
2 29 15 1
2 29 39 1
2 29 3 1
2 29 57 1
2 43 46 1
2 43 103 1
2 43 6 1
2 43 72 1
2 43 99 1
2 46 37 1
2 46 41 1
2 46 3 1
2 46 81 1
2 46 20 1
2 46 87 1
2 46 40 1
2 46 82 1
2 34 65 1
2 34 71 1
2 34 73 1
2 34 103 1
2 34 98 1
2 65 5 1
2 65 110 1
2 65 87 1
2 8 55 1
2 55 11 1
2 55 28 1
2 55 32 1
2 55 108 1
2 55 105 1
2 5 12 1
2 5 15 1
2 5 99 1
2 48 17 1
2 20 47 1
2 20 13 1
2 27 77 1
2 27 92 1
2 27 76 1
2 27 78 1
2 77 23 1
2 77 21 1
2 77 22 1
2 80 41 1
2 74 89 1
2 89 94 1
2 89 10 1
2 14 113 1
2 14 87 1
2 14 57 1
2 103 95 1
2 103 116 1
2 18 83 1
2 18 82 1
2 18 93 1
2 83 105 1
2 83 67 1
2 7 92 1
2 7 107 1
2 7 106 1
2 92 62 1
2 92 66 1
2 62 91 1
2 12 102 1
2 12 60 1
2 98 30 1
2 98 11 1
2 56 94 1
2 56 68 1
2 56 54 1
2 94 70 1
2 41 72 1
2 41 19 1
2 41 75 1
2 72 101 1
2 3 33 1
2 3 35 1
2 3 51 1
2 33 35 1
2 106 107 1
2 106 97 1
2 106 4 1
2 52 81 1
2 52 21 1
2 45 60 1
2 45 96 1
2 45 42 1
2 45 59 1
2 45 84 1
2 45 102 1
2 19 96 1
2 1 90 1
2 1 110 1
2 1 78 1
2 1 87 1
2 90 2 1
2 90 30 1
2 11 105 1
2 11 93 1
2 11 49 1
2 11 28 1
2 11 58 1
2 96 93 1
2 96 84 1
2 6 31 1
2 6 99 1
2 63 111 1
2 63 104 1
2 111 104 1
2 111 58 1
2 9 21 1
2 9 23 1
2 9 22 1
2 21 42 1
2 35 114 1
2 31 51 1
2 31 39 1
2 31 57 1
2 51 22 1
2 102 84 1
2 42 26 1
2 42 87 1
2 28 66 1
2 22 78 1
2 22 23 1
2 22 24 1
2 23 86 1
2 32 109 1
2 104 109 1
2 10 88 1
2 10 85 1
2 10 117 1
2 73 57 1
2 66 95 1
2 66 25 1
2 4 38 1
2 87 85 1
2 49 54 1
2 54 117 1
2 54 15 1
2 93 101 1
2 117 85 1
2 61 67 1
2 95 24 1
3 36 53 1
3 36 94 1
3 36 100 1
3 36 93 1
3 53 109 1
3 64 69 1
3 64 59 1
3 69 33 1
3 69 59 1
3 69 102 1
3 16 29 1
3 29 99 1
3 29 94 1
3 40 81 1
3 40 44 1
3 81 79 1
3 81 52 1
3 81 100 1
3 81 61 1
3 65 110 1
3 65 103 1
3 110 87 1
3 3 62 1
3 3 35 1
3 3 44 1
3 62 27 1
3 62 37 1
3 62 54 1
3 42 57 1
3 42 9 1
3 42 26 1
3 57 99 1
3 57 74 1
3 57 14 1
3 57 61 1
3 108 112 1
3 108 71 1
3 108 94 1
3 112 1 1
3 35 51 1
3 35 44 1
3 35 20 1
3 51 9 1
3 51 114 1
3 41 55 1
3 55 32 1
3 60 68 1
3 60 5 1
3 60 102 1
3 60 84 1
3 99 94 1
3 99 43 1
3 99 67 1
3 10 61 1
3 10 21 1
3 10 79 1
3 61 52 1
3 1 58 1
3 1 8 1
3 58 109 1
3 58 11 1
3 44 95 1
3 44 31 1
3 54 95 1
3 54 23 1
3 54 31 1
3 95 20 1
3 95 100 1
3 95 28 1
3 95 24 1
3 22 90 1
3 90 2 1
3 90 17 1
3 90 76 1
3 18 105 1
3 18 83 1
3 33 4 1
3 45 101 1
3 45 49 1
3 101 47 1
3 4 106 1
3 106 38 1
3 106 7 1
3 14 113 1
3 79 50 1
3 2 100 1
3 103 30 1
3 103 34 1
3 103 25 1
3 83 8 1
3 32 109 1
3 47 82 1
3 47 92 1
3 82 56 1
3 5 12 1
3 5 15 1
3 20 46 1
3 56 91 1
3 56 72 1
3 52 19 1
3 52 100 1
3 8 98 1
3 8 63 1
3 23 86 1
3 50 111 1
3 50 97 1
3 50 48 1
3 111 78 1
3 94 6 1
3 38 7 1
3 100 30 1
3 100 98 1
3 78 96 1
3 78 19 1
3 96 89 1
3 96 84 1
3 104 115 1
3 104 84 1
3 104 13 1
3 115 27 1
3 48 97 1
3 48 17 1
3 97 43 1
3 28 49 1
3 28 88 1
3 37 43 1
3 102 84 1
3 102 87 1
3 49 27 1
3 86 93 1
3 93 70 1
3 93 92 1
3 7 80 1
3 31 39 1
3 11 17 1
3 25 66 1
